image_width: 400
image_height: 380
camera_name: distal
camera_matrix:
  rows: 3
  cols: 3
  data: [285.652443, 0.000000, 214.177867, 0.000000, 285.632491, 198.713837, 0.000000, 0.000000, 1.000000]
distortion_model: plumb_bob
distortion_coefficients:
  rows: 1
  cols: 5
  data: [0.146873, -0.112516, -0.001288, 0.004142, 0.000000]
rectification_matrix:
  rows: 3
  cols: 3
  data: [1.000000, 0.000000, 0.000000, 0.000000, 1.000000, 0.000000, 0.000000, 0.000000, 1.000000]
projection_matrix:
  rows: 3
  cols: 4
  data: [295.825470, 0.000000, 216.328948, 0.000000, 0.000000, 294.736969, 198.534951, 0.000000, 0.000000, 0.000000, 1.000000, 0.000000]


